36321
18077
93849
8841
63583
53811
40815
88754
84208
68802
35
14315
91864
15039
25283
89303
2410
4336
30812
89685
99921
37473
29300
77513
11934
96009
12916
1914
171
80549
30532
73438
20629
82797
19972
46344
66134
48847
70775
26679
42087
897
77263
87573
70554
83648
27555
25724
62317
46572
58160
76035
32732
47119
31291
13431
52706
31502
92541
91841
54811
9848
6101
71592
32468
74573
3709
66829
9600
58897
17790
64869
99915
42265
31781
85202
81506
89851
65584
80340
97364
34539
13980
6595
36881
90681
62981
74984
831
34301
13856
84656
98257
5137
27606
96681
30020
34011
96259
98987
95067
67526
40884
99479
39074
25991
51427
84386
12330
27184
85542
70139
40801
52808
96666
22807
29498
97245
61894
13769
49431
47362
74955
64599
55122
4471
9317
8940
22245
97455
63694
62657
89158
19836
89268
52050
69678
6513
54979
31412
19051
12141
11897
41919
56842
348
34670
38404
62552
57820
52422
11052
91622
19915
11060
96608
61393
86022
30320
5163
39458
32584
31169
24272
99477
89898
9454
14432
52155
58003
58090
76738
13939
65605
53858
59227
14996
34372
80014
11030
22725
43062
84293
82946
30906
49099
93649
91457
58728
13166
11908
96278
3977
26617
72984
88498
524
3861
83019
73598
11900
93271
86523
27529
42375
35507
4815
21627
95390
65061
67588
54001
26987
66086
95774
68526
90216
5411
48114
22525
47288
92123
52003
15164
42687
22633
10824
17256
44961
11696
2152
229
9653
77390
43568
37834
24452
40552
90396
26862
82102
94440
7494
52092
45102
19130
16723
74562
74619
72487
89882
12763
66923
89689
43568
78779
97360
15947
22805
21000
2225
27923
41045
58024
13537
71691
99150
58073
73464
68666
58755
9110
21014
51661
21464
43984
34163
25188
73623
24561
89755
45154
84896
39616
79655
42103
80925
28098
55220
30812
98086
31122
44955
42563
28314
71832
45390
68425
42945
70560
26459
45374
84702
65572
22276
41855
12708
5296
47887
94539
58883
83738
36897
3954
61857
31237
27637
64109
99882
99643
87597
91592
55059
80831
31694
71107
20600
29714
53085
14313
20761
38418
53815
20866
47298
55745
39876
17602
81826
35057
24473
26979
78679
12727
6720
7658
7066
82491
18
20793
69807
25285
30574
87889
19247
69575
10690
48639
46223
34619
79591
27945
4841
36062
62872
89981
66060
74154
993
99919
334
68590
47032
49565
51870
99435
64700
94599
9203
34848
78051
76757
35184
55873
44925
42629
53496
383
73080
39320
72677
22891
81966
15061
5887
60954
87522
44153
9631
97144
6586
94783
98664
45376
22738
2948
44924
54399
11823
8822
80336
76275
53746
3644
77446
74817
85509
82055
44837
82992
40522
44805
69523
62303
35703
99947
46013
22272
25545
15191
45184
89655
95183
48070
12917
56252
10300
86551
24883
90521
96822
4672
89985
54775
60050
43117
45760
90841
19438
65343
94506
9772
66220
11575
49987
50878
58944
75895
84762
15290
50125
42643
13872
53866
35001
79945
1104
62814
40867
500
7206
20007
87468
90548
37314
26173
80465
45745
19878
29015
52706
76127
96980
15096
30930
68300
61704
35902
86186
21041
61056
46595
68735
30976
70964
48272
73969
78721
1771
22074
50730
91396
62178
20184
30485
69354
65927
16614
66471
23757
7190
11955
49470
27679
865
15522
94749
23518
93988
88066
96218
48754
57615
57311
17688
68138
51409
89256
88951
87640
81679
4574
98676
5383
24416
46364
47094
58571
18195
24244
27475
53961
16259
88844
17772
77773
89108
11586
75683
22715
37604
96619
9843
23121
56123
89824
59092
57758
89005
15292
35430
28814
71384
25747
23156
23982
94871
25510
37886
36653
68160
41352
58825
89533
1628
37932
44695
8289
55550
90638
16982
43654
2646
60902
55617
33830
15055
46061
23186
77092
402
63420
80202
74181
35600
21792
69969
35743
57449
58637
49265
59257
40290
87909
60915
12707
65511
80904
94485
61693
87458
3843
89765
24478
87325
78359
5967
54837
42510
11404
71897
61911
1981
40592
59638
90812
36904
88130
59049
81397
60371
48392
63969
1958
8026
58457
14759
21638
81983
46135
2574
34934
28382
7300
50958
68545
20786
19994
66383
41011
361
6859
2149
17232
44377
46041
23474
44085
1135
75216
97244
64636
41509
86389
34725
15643
49702
6365
98984
90660
26456
85047
76184
46876
51520
54879
27235
48627
93690
56528
74164
15281
82427
89608
34240
29022
68062
35604
42568
48825
72444
22264
52439
45150
34725
34216
93636
72362
74230
45025
51275
89811
62896
30729
8768
38720
71598
70270
80905
34428
50822
39915
80312
64898
41875
69244
74064
51928
91109
75988
60861
55805
7655
94052
92799
6778
32542
32249
42661
70401
79694
15447
68542
67118
90797
27761
91507
31474
27620
26933
67657
37216
72795
69106
63534
20129
57759
76175
15676
77815
93064
89153
61413
28296
27508
4622
85128
2582
62623
27761
79443
2243
31731
75342
5836
13562
15034
76204
70646
50036
58035
78661
60475
47803
68595
69753
10251
1691
3291
20960
25320
23744
82562
57827
54867
19691
73207
99829
66326
11722
28846
79971
24929
6120
53522
41885
81572
8165
65413
97867
39950
35359
72599
96968
93050
61265
28767
30632
39788
66255
6610
8706
1899
6025
49659
62007
50090
59606
53683
57954
58278
15591
17834
61281
82604
19072
6864
21007
99897
99394
63611
71800
73311
15195
22900
27456
53645
52349
14984
75008
99454
75149
51272
64980
3600
13292
21809
76581
53637
99248
69927
9756
52689
31975
16231
51411
27465
61333
62848
49753
51828
95492
68422
20038
5993
27460
18232
6462
52142
58243
19080
61269
55919
58830
88755
19159
75473
15411
77783
76296
64972
74649
45160
44837
63494
31051
42152
37551
81589
97490
8672
66891
39065
24377
75522
66414
1049
61636
12956
76317
66226
21285
30857
47842
58677
50039
23238
35009
3824
71481
24477
59127
25578
48658
18547
7383
44517
37864
53139
92446
53211
30896
75713
34699
87680
92694
27809
44046
81517
47652
4266
46345
98160
66351
82902
48907
96671
30829
51390
31738
10855
32034
69859
66634
7346
44729
74710
10859
94369
26047
79669
72894
16753
12294
63855
29504
61018
56154
56943
46907
69307
18160
20856
23946
82026
25678
53496
97366
6347
68540
71476
2056
17671
74130
93990
16057
53752
42233
3289
98178
91465
74061
4006
76889
63279
16795
4224
39992
17357
2477
50255
97660
6225
47598
75055
97779
43342
19766
21045
79211
89905
19454
21730
17280
13604
40447
62277
17568
32601
86938
83843
13314
58300
45170
87984
22153
40911
50195
45612
20142
8028
99439
62634
44659
22499
88482
66701
26668
62084
37305
52763
73670
86964
96948
18931
20049
83782
83885
99260
34383
50285
22946
92158
57802
36141
58124
22011
30806
97671
95669
90234
43594
38275
44447
81284
30134
81116
38860
51829
45237
57511
87744
65497
11811
32917
7827
14138
49489
46351
64077
46309
93696
58120
81278
25858
19400
28765
50929
13920
14253
65057
61079
28418
17996
12131
8126
18216
38007
47642
6682
40674
27292
3889
66686
56458
30184
21185
35109
73208
94464
22314
68165
59925
26621
61497
14511
99205
43483
43997
32865
30470
93424
88765
3397
16635
95424
76040
81521
10088
22577
32339
99138
6884
58538
82134
73733
89340
43519
9121
51665
16992
44434
2080
65112
31692
90236
93608
80873
37335
60660
16123
85907
41364
1569
68037
32156
42368
35504
55534
19650
97170
2550
75833
13283
55252
1681
79044
44129
61366
75043
22008
73379
74889
43287
68325
25782
26727
67802
65262
93916
63341
10103
88369
25107
90634
131
74246
94740
64519
69677
81134
32233
97836
69949
91910
49011
11429
98344
65235
24087
42628
60060
40470
91424
26744
41645
91857
36593
6631
260
7015
75667
93016
36170
99513
52109
53590
66533
5421
52405
98385
45346
77719
18181
21511
10488
92698
32077
30762
72473
67229
36761
38816
5015
77860
46690
61162
89245
80399
32050
13631
167
20380
98407
31321
81078
91492
51780
6432
22655
45566
38417
57911
79816
69112
35626
9541
9955
63180
26863
78672
81590
97997
19333
96261
85218
22793
55283
70616
21482
26925
56621
8305
94606
60194
74084
93406
28529
74751
25152
68317
2787
67643
88962
87717
94331
21279
66961
90401
18506
76407
90651
89263
11912
19372
22210
49797
39741
58570
15625
85814
91162
19459
38733
26395
92356
10230
81905
21041
78458
70763
48945
57718
46726
56290
65924
86183
72312
96481
43117
89671
21953
23343
98250
49166
74684
54271
94230
29438
73031
39045
30288
88933
63369
22877
32853
65122
58988
15091
55754
7681
79958
79594
30927
40685
41369
34565
16945
93113
80783
83494
95314
29811
48612
87719
42935
96682
26105
36413
16953
37330
57586
54931
56078
26390
83301
9052
21489
25644
10795
68828
27339
507
68284
43351
29659
10084
90923
7507
75118
83770
569
48892
98587
6392
64304
96250
64917
98238
41266
36304
92400
81585
32808
14569
70859
36510
55809
97339
71549
87551
44522
95656
87821
58439
41213
60541
93749
60574
27091
66664
93888
11679
42548
82473
73288
41603
59409
44716
4320
44028
7745
21309
48864
14481
92469
2700
13294
73030
4357
39759
37170
56532
61332
83873
34540
31594
46729
69755
16067
48300
44665
46530
81101
35248
92052
97060
78566
43542
78829
59734
67550
41119
83750
70651
12314
25618
14913
70960
94055
38028
23438
78549
91789
84377
30702
84048
54158
1222
25685
33738
45313
90636
65745
28347
93761
91854
60701
56186
83061
5315
58469
88129
56257
16960
2323
33318
4097
28209
7866
62022
19520
35821
87829
45048
80773
7484
45664
68574
63220
80079
66562
64252
19820
22465
8804
61387
9443
38843
77361
190
10321
5115
23323
89588
48190
3709
48116
54386
78168
18973
77707
85066
1039
67193
38810
1386
91377
71046
66792
35949
97882
34521
45831
22864
66402
31847
71492
61604
85014
92441
65480
81640
23578
32365
24185
59166
84032
95442
21971
81616
10431
9912
87574
63307
64327
41362
83881
20326
81645
15823
437
7842
46192
12124
4909
75881
99405
52997
24236
54638
75241
81234
34651
68193
31988
39214
23566
41243
20094
84545
46151
31995
63441
81761
4035
48337
93533
72405
54976
18434
67777
12989
88667
77345
31422
63985
47318
78733
72136
43226
55725
5420
82117
29289
28521
47446
34297
1508
22007
98379
29807
42414
62600
95449
54170
64465
62675
5450
43407
56948
22661
84513
82321
22594
31548
28937
78302
54878
76130
35985
22242
39014
13088
53451
26063
17221
71985
66459
99890
20565
80016
82277
75840
44748
43457
20201
81040
27582
29643
22706
89053
18917
90590
49997
33306
28325
26024
9953
46747
44236
4046
35600
54102
74025
60651
67455
68222
13391
40746
63418
27529
6155
75446
3946
56875
58411
14016
33836
73926
72507
890
23770
19741
70296
40560
13077
62724
87329
48978
53092
358
73665
7442
27680
74543
10646
31394
76737
18769
74030
34501
53348
56702
30049
81090
78740
24947
46471
83534
96414
37442
61798
5940
80336
68006
4164
481
2501
21674
13927
59851
37891
27553
87209
54532
18684
55773
3711
57106
27911
59682
63066
33370
86394
60564
6954
29694
20451
43922
13868
62546
52833
97713
50187
81956
88499
55511
18498
91227
39256
86931
7763
99161
74666
68188
57043
23603
90391
327
30653
8116
82308
3719
97784
14767
19387
94844
48013
5227
58226
15031
67832
32196
21851
91568
48109
80288
13474
99341
99072
82858
96667
20572
28327
7821
53125
57026
93859
65138
61561
73366
80857
55255
85831
12684
77460
54742
64871
72005
19273
61693
70234
71550
7563
76832
8987
98472
14787
44956
69887
43726
73154
48747
54425
87047
68783
1549
39234
92579
48374
79964
68743
53071
65578
651
1936
12553
80938
46614
28281
70721
46035
22754
78959
3968
67892
45959
98790
88190
39189
84674
27170
89771
977
67182
27559
788
50039
67795
88304
68391
74970
89205
34265
27324
90709
65795
41144
95338
65976
12365
34399
3807
69139
30421
69137
7293
77044
53717
40187
18388
32053
29290
15226
98849
9788
40787
54484
21587
25879
69352
19453
76076
54261
69895
33513
61702
92260
40179
22197
26957
32548
65133
57098
75064
2685
95507
64176
17673
7825
85334
51893
44072
78421
79372
27712
10142
41097
20127
92423
55319
55261
53679
85712
48769
1719
87864
26520
40509
3887
80806
88588
45164
42845
64372
40543
88217
80500
42674
68051
88957
49627
76076
74938
49339
96928
79926
70938
45144
60978
73572
28870
28008
9112
47966
26863
55870
82490
76508
10886
51737
52631
15228
26429
74059
96066
78697
77579
75997
76151
12012
88326
51329
14468
19158
85383
50986
44510
30104
33118
93644
87680
24310
15701
13568
79808
15377
44809
11880
7471
6424
18170
57505
95231
42331
80946
65428
77981
66520
88554
75505
36953
11752
42567
90755
44839
35243
72908
80186
83788
76433
23694
24330
13752
86574
27909
76858
57783
72505
21079
52385
32288
46344
67675
25892
63369
87157
20665
60751
23271
78995
75888
74578
21469
14806
5217
99194
76588
92863
79094
53880
38009
9720
8902
28326
50307
75684
24770
80515
70940
76101
5137
28164
11218
29857
11406
98055
81023
3222
79049
31876
56864
51281
30228
28298
25381
42911
14397
28495
50463
91599
91685
87595
35024
15367
78231
54200
72864
18508
25340
14772
94915
33420
66841
76980
52982
25264
6058
47956
461
19155
79912
68775
67727
11648
2637
28055
15758
1850
86740
49623
42645
71497
92962
51964
7551
80586
9397
67092
56992
52586
29167
82287
57827
18012
4850
64663
90989
98353
41568
29464
76815
74951
70674
38357
98556
15756
55514
66188
2044
79545
1848
80778
41343
80248
20848
91169
74696
90923
89047
48262
87958
77766
47882
10979
19452
27023
32294
65252
39493
99661
58222
59470
70665
2906
26812
82799
94567
89866
29930
98676
46143
77531
82159
2838
91012
46188
79082
15518
24609
12454
92844
53201
10651
51557
95557
33177
56149
91754
60282
72440
42468
84294
22815
1492
71280
86726
36549
15318
1745
38911
73886
67488
70382
12070
35058
93016
15866
37040
45116
7824
35856
79136
78122
72054
61515
69904
30725
98975
20722
523
13374
2363
57578
56146
53546
94381
31975
39339
50059
37242
38292
23494
81196
45685
58658
25239
43210
5331
76076
44235
34659
75751
83745
44235
76469
12592
18548
54792
20615
32771
11535
60722
67258
50330
54785
69616
57692
48033
70937
76901
61907
34968
21880
2376
46977
76631
18639
40045
62080
80362
62683
86616
60046
82993
41254
56185
81651
82530
41670
87566
55032
87205
47784
34583
46445
55077
13518
28357
31887
64094
57273
67694
77969
96212
88837
72084
93014
97526
40581
53432
20930
21303
50604
30374
881
81061
27745
39706
19773
29000
44533
98772
3135
45750
30933
78752
58448
40559
28698
44574
17469
7262
82394
68640
98516
49437
12924
25334
3590
99966
26120
67213
63079
50941
97100
69961
33062
55341
53852
99554
75593
60978
99043
22353
27555
65225
30443
67224
66307
58187
27772
55112
30582
45294
25986
52877
82648
21043
83672
61797
85437
28530
24835
43777
5592
70980
85827
14775
35876
80143
46427
57046
47361
93828
12395
56323
91762
43005
23512
69543
45414
58199
69696
12737
97112
88609
6286
88648
56895
78531
5644
14852
28715
70351
73817
98020
61330
99472
61746
76316
71053
3006
96437
89135
63349
47460
88034
78903
11786
42991
10757
93349
71643
88584
23275
79590
62905
47542
70993
574
86712
80149
5358
65777
15823
26647
13183
57547
94096
48616
28761
91273
24795
48635
69586
36519
63730
33422
50900
96121
24429
89906
84781
73333
18729
68744
68225
17664
34203
39868
99570
19176
90111
98920
23996
57605
89022
15790
66854
89028
40421
98122
99970
80447
26016
15752
18581
91170
36319
25648
23127
37314
6389
81156
31981
25368
16200
67723
43119
59529
36867
46623
87499
59394
16664
90050
87880
83650
21877
57787
33884
49095
56827
84073
39845
30207
4805
8289
80509
64599
98140
94812
82910
43566
74880
99119
23152
9470
90495
85109
2638
12922
57529
61928
56688
28901
33459
61699
68659
43603
17263
17724
58917
84633
48788
15811
21102
38551
78468
9784
89508
47696
14545
84381
30939
41150
41728
76393
19817
52492
84806
32652
55325
15085
25593
30373
28991
49676
39432
46342
43673
8003
58787
82281
96920
42213
79574
31849
44521
85165
30692
32507
14466
29966
42017
41475
81144
40948
11777
1850
69320
28877
27094
65622
51019
25977
94975
20761
21030
38136
68680
90615
81260
16320
63604
89397
66303
57614
47079
67494
70392
51819
15653
49277
91833
11357
98564
27286
18226
30601
62590
88415
1259
51218
83838
25546
55244
78215
83892
72029
76099
26105
39245
88997
74459
3659
15644
67935
9869
5450
61480
88410
40063
26072
5334
48052
57423
87083
54765
7576
54371
90801
68314
88688
7570
19091
91492
56178
15353
14178
65768
6423
57569
63593
35794
91293
38526
95305
30483
15130
96760
66063
9747
70252
89046
53872
83424
57925
80947
59020
83995
89919
76790
94784
70793
61811
284
88667
67907
68739
51513
28462
78056
61859
86166
39703
72361
51759
20757
75514
42066
14844
10829
62883
70074
30493
85920
56653
68580
56196
32060
16708
46349
45538
17927
26180
90846
63332
97087
18906
21686
81249
2268
98724
59537
12330
51700
72028
88445
33302
29674
70870
82228
71958
23859
20700
11500
47192
55822
48762
99543
90141
85567
22333
93225
25574
70131
4020
99348
98104
9353
55110
85816
643
92905
96000
10684
53890
74062
31302
34330
75801
18664
51196
15890
29530
41093
39888
17070
94181
64481
96958
2492
52531
59782
5600
92555
96033
82785
69481
40295
46206
50999
54723
72370
2506
36941
73618
31018
82865
74027
34565
42794
37073
55326
68377
62918
71791
68344
74877
75169
63687
47262
98308
10246
77465
3717
31479
90590
16202
14661
96246
85890
95458
70817
69675
57174
63172
52045
68504
9246
10743
37034
57983
50424
68728
16801
60482
81491
53794
12474
12105
96198
44394
25129
88433
56957
92045
78900
24826
42943
23251
597
94049
16882
22155
61711
95201
63541
24212
61849
51827
43944
93501
50193
9167
51137
18296
56913
93841
85115
67174
53800
33845
68527
84194
40279
90476
48089
68393
21548
37416
75065
32998
58011
29095
43050
83497
10981
55922
18893
84919
8702
81823
94267
38045
76077
63303
97286
69915
95271
34634
84099
52451
55809
75184
87230
39237
20330
30015
1261
507
71271
34344
77978
6500
23278
18899
40358
38631
491
38558
57402
12690
67579
54416
32774
249
22127
83459
16546
50742
99078
7177
4648
88968
5959
8292
68113
44183
6661
80637
7787
39155
89575
52672
97724
84084
4287
96912
9485
27679
40774
4290
79845
61970
32999
96209
92556
56672
55103
34214
22836
72095
40981
25454
82916
83438
99949
71756
52118
63558
84173
77842
80092
42391
25948
78655
78221
27312
6215
82235
29747
53824
55246
97380
30704
85753
57169
97682
90376
97070
55526
79186
9688
26345
8649
90839
365
93488
17323
20083
78640
13540
44633
57572
77157
88989
34194
52590
21145
69402
6752
12037
45966
16003
84225
82981
69477
52247
32208
70591
79094
75171
88566
9596
55689
42314
56955
75752
47411
62072
42091
79158
61668
46735
31653
70170
13462
26123
53773
25773
63663
29915
25645
11534
86283
88124
39007
88847
33239
23086
43565
66178
82092
63446
12080
14107
29200
32402
9912
13765
94883
7332
7883
21075
47834
21990
52859
19063
76876
61586
97069
54222
51748
31470
76672
69701
68104
85634
82910
77745
25132
19623
46532
21130
83647
16058
65444
94918
42030
98538
56828
70963
61056
55287
83711
65873
49264
88642
16280
78555
42342
4432
38487
54726
52663
78326
35281
40820
45631
54688
31851
55633
11
94523
54288
92280
16697
75491
29434
67166
96019
71618
68432
97843
49678
27334
73519
94194
36573
33316
37477
76789
96246
25917
22772
20105
35968
44492
65007
44962
93788
77992
66282
64777
76831
80055
14100
41578
52503
16534
53682
79414
58277
58174
2704
48970
69394
52939
37754
30596
69191
1277
88737
52863
1879
46975
90110
36841
40323
84109
22908
41784
44509
20491
19755
77765
2690
72487
72720
46245
22377
87157
49253
18019
66437
99727
83637
25716
55132
86590
19244
65663
95044
24616
78401
57524
57064
45130
87003
18919
31701
221
24206
6543
6921
76963
73817
88909
73279
82939
60029
10231
2217
16128
78452
84177
30811
98635
46029
81522
83195
435
57000
86084
9961
41141
95815
9208
82224
59399
61389
81589
11303
86354
45592
95565
37151
41403
75668
84062
17765
98615
31393
928
87012
37409
6190
79939
29869
60060
15974
89854
95872
26071
54017
1812
73855
22463
52892
93067
68055
86510
45445
53413
74804
75897
89246
20683
76256
73265
10541
51427
43018
43303
24686
51854
61094
93734
94796
5401
63721
95302
86777
63838
24854
14303
51767
43091
99642
68700
61229
67933
78384
61325
57211
69547
33798
43707
84748
11530
68569
30041
41291
11014
10376
58633
1563
48174
48827
62844
87955
80434
67411
48511
18425
58604
81765
29269
13286
74027
77811
21010
51447
29842
56815
26370
12550
2998
12946
73308
3676
46704
19701
17012
80508
40967
27510
80319
87008
80672
11903
23100
55645
65435
96357
37164
59377
63288
775
1652
54975
93367
83280
95142
37578
92001
66230
59148
302
58305
19050
32915
22228
46956
55462
42419
83838
53606
11618
87765
38864
67410
31043
79536
95753
80198
6555
82687
16342
24230
91856
22390
98612
46737
84320
55628
89118
9669
7231
80824
37257
47174
63458
2588
85497
77012
9067
71454
34486
82859
20340
29617
89338
27523
16392
13186
76873
10851
16110
37058
61346
68058
63164
24881
79627
15009
35465
89083
30877
68732
87516
84470
54576
29305
55896
14620
4884
18070
91690
43091
81758
10831
89644
21191
63570
27946
67107
24273
51704
82673
80889
84451
36278
4713
22730
12713
94696
11428
88985
89332
44363
32076
8061
84175
20895
76016
5401
99587
1144
99940
62756
21632
15467
95401
15409
1634
15368
49660
45184
51390
65315
32023
88315
91514
67698
13351
87495
46871
60262
1090
14174
92999
40117
3274
58387
38043
88507
21644
24600
65323
16062
49925
17895
183
66472
92688
42679
40002
3482
97444
77764
41013
112
8145
27988
10899
25431
36891
51586
87320
29408
6604
58460
64651
90835
79196
52184
47233
31673
44207
18741
7113
71819
9878
58263
45475
49675
92236
71535
88
68208
43124
78703
18571
40319
41615
70920
54886
50600
60452
48426
24505
74885
35796
76943
14118
96304
97057
35721
66359
54903
90636
9041
45546
1146
67562
50886
83487
11070
76489
43369
99363
6234
63406
21976
19868
49136
49372
69574
82388
98293
31304
41762
65258
96325
76231
48882
58579
79850
43109
88553
54384
39245
19226
96269
13655
32912
77800
21711
25766
96925
51729
90918
53096
71773
85270
90749
95296
97599
83935
27936
99126
44674
54770
91601
5677
51867
56029
3156
77383
29704
9754
66856
26602
53094
95718
86500
34367
88973
71726
82854
64971
98569
80167
24505
78856
60008
68678
11489
8341
31612
40576
25946
7748
89087
87641
36874
5415
42882
40553
49118
90558
23454
45260
93290
40547
73122
81219
13873
789
67877
32286
27808
82773
71871
31140
21223
64827
55537
66332
49577
48773
72162
94214
40057
94827
72285
66791
98888
46562
85185
15331
20990
46204
77596
13180
54684
28107
16276
52710
39405
7514
51506
44922
24175
609
32491
43413
79243
48948
96733
7713
84083
27682
7585
84442
98204
41384
75078
68997
70832
47716
67842
84684
50082
78183
74686
49265
90000
41364
45168
82895
97227
47531
47745
84033
53186
62082
63992
5922
9238
64361
935
69042
30536
31203
19298
20430
8922
41824
48382
15844
18640
79697
97617
54229
92098
93979
28230
14616
31533
38663
73402
17295
28090
2208
29651
23474
3644
79950
36962
42849
21778
93392
78750
95575
23262
61032
19885
63623
59393
63691
45619
16914
84698
63441
25313
24222
93239
27323
72574
19290
26593
41730
8633
84419
11090
71490
18043
37178
81593
32313
67886
68390
56710
94947
33994
70222
81877
46662
77699
90187
24468
62874
17874
6822
54873
74112
36803
66123
58400
22180
6499
62833
51423
48454
55219
9773
79958
17309
10388
43365
45845
84599
66696
7406
84199
82380
50588
77034
28096
31268
82042
17158
2935
89242
16698
82361
81135
9820
36208
32815
24067
26433
27382
67757
18579
29002
41559
34882
23012
62204
87804
65000
21098
77741
35288
14615
66685
29048
24817
28552
64612
34838
97928
85349
11222
22828
8784
69454
83854
54836
4558
26159
8341
94265
10356
17986
90440
31157
82739
74218
79709
42276
29406
79997
57671
23319
28554
61809
11897
78315
59452
20638
57548
58123
15260
27578
26241
93576
52055
6187
36730
17394
55169
9604
45976
39197
70785
10275
12619
95032
42268
75608
85851
91708
62353
66094
5579
80668
51662
2534
99259
41517
77420
21396
47276
74108
41157
94359
41596
94097
97793
79643
4808
2281
5286
68782
15513
90908
52570
5233
49634
98784
65532
74214
10986
1428
48454
15852
67858
97772
16166
18758
42106
45672
35269
58824
45676
42332
91648
38687
89190
40557
72976
29037
73687
79801
1549
62504
53529
12315
31976
26034
53626
12595
34260
34809
6920
96447
52623
58653
10596
49241
85734
25263
87287
42331
60023
17491
63015
45938
27719
23263
79618
24676
6466
66965
35647
39833
63322
23589
87598
47468
41302
81365
45903
42420
45934
53812
81653
19091
75566
92951
8943
99167
62351
45138
24659
30974
85676
1903
44115
43483
64550
96127
81118
67463
66196
17344
86254
10665
75812
30569
52489
57242
64088
53983
19926
25675
31906
79898
8885
11481
26617
21057
48818
2510
99017
40515
30555
29210
51102
32428
90471
23391
58390
28484
51399
55271
78094
14105
2214
88125
8792
8919
53420
39531
7039
7430
14508
76696
45816
58251
23344
69250
49265
94533
11564
64731
54279
83317
28957
72624
8286
76948
66676
63122
58688
38488
90598
84583
39221
40481
85270
30700
54159
504
64409
98473
2995
26623
28013
49679
79126
82029
23867
58943
69090
98450
45407
83232
59499
19733
47099
5430
86729
5732
85564
95001
28838
87118
7817
80473
50252
28423
5786
48863
99388
77110
53837
39030
99192
86201
38030
39545
12968
71800
3852
13969
83222
26575
80452
78132
68964
35670
75223
31715
19994
23995
61540
41631
98847
39179
93026
38038
22108
3756
85100
30239
70609
92588
63301
76904
83930
12412
85553
3058
39098
27049
3006
17627
28602
51652
79558
83838
1920
85216
97169
83720
11211
54542
11725
52963
20662
7135
83609
31787
424
20335
36153
52450
25355
43031
19755
8730
13449
40740
77619
93796
98558
83977
26546
79814
44279
31937
84507
36208
23507
41810
67959
57523
17543
6906
26622
52625
10928
30387
91797
89537
37130
88280
62602
32428
19669
51013
72587
69113
79578
71840
12542
92339
45582
64733
81591
11678
4852
5888
72859
76782
9741
17139
35424
32872
66705
80160
49965
68589
23356
23317
45690
18571
33985
13532
72229
80155
98696
29248
19315
74000
28957
82983
3793
83339
57407
12795
44716
59013
29131
37105
69667
15000
17812
73237
20636
89514
1992
53672
1098
59044
60417
68392
39391
14675
27233
14262
93332
22680
29317
4408
33485
54312
66391
61877
73993
53925
39024
45083
669
16155
85974
33697
12589
42184
38800
51274
69578
66285
14869
31449
2595
19397
80393
37757
14267
14017
60792
79760
22986
16967
31757
38368
73583
29720
35133
46396
12261
87631
88955
14538
18067
21643
72499
14882
59142
57988
68221
31664
18221
19870
2592
43935
81186
86793
52427
2481
58748
53746
65707
34768
57574
48447
55952
21246
43322
94507
2062
84440
30332
95518
55724
75465
22127
42170
94891
3145
62359
95095
93138
13594
88572
4832
95099
82145
98337
5833
91808
34141
49746
73094
30446
49688
95518
36985
72405
99553
48896
59849
18640
49721
90220
3594
53822
72704
70967
62074
49644
33367
64525
92578
63911
5645
44482
43896
11026
96423
46201
44222
45119
82814
9611
416
92700
48060
19271
28615
16935
57497
39803
19976
50210
6032
54089
49942
80397
61623
80681
53488
712
52475
42617
42285
16019
13904
33613
88428
70351
67939
99662
4998
95649
3694
29059
49837
95874
84940
88030
17857
626
14862
83390
83468
40574
87423
75489
18818
37019
4704
24662
78147
37034
69406
21667
63557
82431
71455
624
33779
59482
391
48924
18357
37326
10340
2033
77229
58414
76223
60276
28009
41042
60643
24458
52269
63481
53926
77955
7922
23967
18726
66656
15901
45923
99049
72270
68251
74246
65012
1773
63818
76708
76048
28668
12104
90669
67646
22397
56339
70704
9739
97214
53135
97360
85166
2185
59373
199
40187
17903
90085
95291
16160
55405
8302
46361
45878
54269
6303
28216
1219
52801
77249
5016
61715
27610
27166
63992
55374
80021
47235
24155
29241
24712
42027
20201
77736
33423
93791
28615
99198
12190
44282
2014
87912
18877
40579
15929
71933
89975
52096
47671
66978
27117
82773
12626
1646
76926
66500
23598
78479
2844
52263
99280
59322
89206
19939
49277
3314
67068
85877
55194
78657
3093
77196
70423
34544
13154
82991
840
37832
24228
1592
77083
38146
96958
30733
30404
49856
67814
32763
1610
54515
28855
13906
80025
62251
36029
97050
13503
36615
28118
78479
60756
37074
65239
57609
60090
4451
41582
24764
33057
55137
30144
25965
19504
30754
89455
6029
82225
20487
75968
45354
69326
27969
20354
28469
37988
13274
64984
63064
86487
23502
27803
97507
94485
79683
58480
32884
28308
66289
32126
46195
25117
11094
63460
51967
24064
11370
93681
1973
53105
35755
43193
27376
36513
9685
32999
21802
82963
7191
38580
51479
40957
20580
1771
74358
16029
89041
35396
62634
22568
29416
40647
84722
11112
64159
20715
38515
24172
20813
51690
16607
48777
79699
87568
59179
76479
96299
74898
28762
71396
99391
95722
54314
56871
32038
70618
23200
10993
79933
26859
60585
4825
73693
79937
68083
73594
46598
86590
8807
57885
82777
50521
2226
49567
3366
16077
42527
3069
26230
23950
85812
65184
38487
35145
11802
91036
31447
4413
70481
22796
61166
16710
89786
67241
48139
56811
7853
60599
89296
99742
10164
74662
37304
40144
47970
65123
27288
85477
51228
79713
29035
22182
82958
8827
34091
59541
50347
13146
17324
38118
26258
23368
92697
28037
82950
38256
14590
70543
99028
13039
52058
58146
4988
86333
9698
85528
55223
202
15542
91766
75866
43752
23785
57620
97510
32597
90760
17272
38210
22606
90794
34275
49877
76980
53663
3367
97440
81736
11693
3552
64466
83976
4386
59426
44740
84860
3639
44334
22830
34803
83414
39563
19477
69400
57725
41568
21041
31086
23634
70783
20990
31415
8483
66015
86879
84607
73387
91590
30381
85648
63398
30849
1608
95340
91288
43809
4683
23640
20931
41342
57746
62202
77043
95556
8637
38508
84340
95436
72576
27107
77843
35346
93381
60586
6127
7625
20657
80256
45242
764
22511
96185
67785
34949
92350
34872
22509
55569
24945
33042
33936
94938
40888
65022
46009
21086
24037
39038
85161
77148
34347
72932
88300
51507
77520
84391
17252
51063
16354
44224
88616
12370
63144
93428
25303
84078
53243
36982
61612
75263
6112
76286
47441
36512
53391
46461
34788
72440
41383
48972
23734
11167
45637
56927
88335
73108
39096
55313
22223
80189
77691
32839
87373
19562
65259
32216
51102
93160
31005
43898
4056
84378
69375
66782
86154
40012
25425
70552
21285
24250
77785
26367
70084
59938
7523
62408
45319
60937
66652
35457
99523
29560
32933
57497
83447
56025
53653
97925
83540
29976
69590
40443
55592
77310
86153
602
30704
86417
25722
71144
90555
36417
40841
57300
5511
62045
34705
88816
13392
9633
19133
95909
45551
67917
68040
5101
51350
81205
22712
49159
97866
30500
85760
77039
88954
43024
65580
25909
96911
73419
94279
29588
77252
39691
33738
15676
65072
84387
30766
52261
43957
48134
36968
60451
30285
29291
92997
82491
83483
55047
64884
30459
65162
83013
34315
84827
51972
10799
68853
65063
31190
28339
38371
87998
69668
70482
73329
99323
6803
69955
27218
59274
70863
86812
31078
5838
78231
84078
27408
53828
47031
95464
10929
83675
93108
